0.438 0.219 0.328 0.328 0.219 0.219 0.438
1.009 0.003 0.757 0.757 0.505 0.505 1.009
1.581 0.137 1.185 1.185 0.790 0.790 1.581
2.152 0.252 1.614 1.614 1.076 1.076 2.152
2.723 0.165 2.043 2.043 1.362 1.362 2.723
3.295 0.082 2.471 2.471 1.647 1.647 3.295
3.866 0.059 2.900 2.900 1.933 1.933 3.866
0.006 0.505 0.433 0.861 0.860 1.146 2.863
0.577 0.288 0.861 1.290 1.146 1.431 3.434
1.148 0.422 1.290 1.718 1.431 1.717 0.006
1.720 0.538 1.718 2.147 1.717 0.003 0.577
2.291 0.450 2.147 2.576 0.003 0.288 1.148
2.863 0.368 2.576 0.004 0.288 0.574 1.720
3.434 0.344 0.004 0.433 0.574 0.860 2.291
0.274 0.790 1.062 1.919 1.851 0.422 1.988
0.845 0.574 1.491 2.348 0.137 0.708 2.559
1.416 0.708 1.919 2.777 0.422 0.994 3.131
1.988 0.824 2.348 0.205 0.708 1.280 3.702
2.559 0.736 2.777 0.634 0.994 1.565 0.274
3.131 0.654 0.205 1.062 1.280 1.851 0.845
3.702 0.630 0.634 1.491 1.565 0.137 1.416
0.504 1.076 1.664 2.950 0.824 1.681 1.076
1.076 0.860 2.093 0.378 1.109 1.966 1.647
1.647 0.994 2.521 0.807 1.395 0.252 2.219
2.219 1.109 2.950 1.235 1.681 0.538 2.790
2.790 1.022 0.378 1.664 1.966 0.824 3.362
3.362 0.939 0.807 2.093 0.252 1.109 3.933
3.933 0.916 1.235 2.521 0.538 1.395 0.504
0.329 1.362 1.961 0.675 1.593 0.736 3.758
0.901 1.146 2.390 1.104 1.879 1.022 0.329
1.472 1.280 2.818 1.533 0.165 1.307 0.901
2.043 1.395 0.247 1.961 0.450 1.593 1.472
2.615 1.307 0.675 2.390 0.736 1.879 2.043
3.186 1.225 1.104 2.818 1.022 0.165 2.615
3.758 1.201 1.533 0.247 1.307 0.450 3.186
0.164 1.647 2.266 1.409 0.368 1.796 2.450
0.736 1.431 2.695 1.838 0.654 0.082 3.021
1.307 1.565 0.123 2.266 0.939 0.368 3.593
1.879 1.681 0.552 2.695 1.225 0.654 0.164
2.450 1.593 0.980 0.123 1.511 0.939 0.736
3.021 1.511 1.409 0.552 1.796 1.225 1.307
3.593 1.487 1.838 0.980 0.082 1.511 1.879
0.117 1.933 2.659 2.231 1.201 0.916 1.260
0.688 1.717 0.088 2.659 1.487 1.201 1.831
1.260 1.851 0.516 0.088 1.773 1.487 2.403
1.831 1.966 0.945 0.516 0.059 1.773 2.974
2.403 1.879 1.374 0.945 0.344 0.059 3.546
2.974 1.796 1.802 1.374 0.630 0.344 0.117
3.546 1.773 2.231 1.802 0.916 0.630 0.688
